0 5.907001458270205 -1.4560003448913281 0.3147824715963571 0.39537708756611956 0.22755075574315842 0.048072284481764926 -0.018558140622046932 "dvd"
1 7.856646697541533 -1.8823342034670352 1.077385822045167 0.16891928423855385 0.8900627127442524 2.193669894054672 1.5707963267948966 "door"
2 7.856411807857479 -1.8752605513797316 1.119076736420598 1.072665853918596 0.2033032790191076 2.286075350216156 -3.5900665596245437e-09 "door frame"
3 8.97630651926401 -2.821610380038836 1.0559014480617528 0.1691403772902884 0.8900620503696564 2.193669893825938 3.141592653589793 "door"
4 8.983451794445772 -2.8214124450368336 1.200401888668274 1.0726651478999134 0.2033037953351542 2.491696614458932 -1.570796327229859 "door frame"
5 -0.8375779272645995 -3.547206922523341 4.0552634248523916 0.7099262757270612 0.16639613807697717 0.6497846227679327 -2.7978540871361326 "lamp"
6 -1.4540000034051608 2.4699998091477986 3.0989999726426904 1.0710655440629613 0.34593591817692326 0.3492941233282787 -1.5707963272933299 "shoe rack"
7 0.7814267910275713 1.9992408800638741 0.8378244029482387 0.28822749806176984 0.28938376842499447 0.17651209746370178 -2.5069473492820253 "bowl of apples"
8 0.8540236465981811 2.0033099235880805 2.3250009829223512 0.4405380620147834 0.441477679340214 0.888953948578181 2.041826368288089 "lamp"
9 0.7280001863422292 2.00500013950313 0.3680000170700132 2.2306705815296106 1.1072716780391116 0.7551960681898955 5.826338871469523e-08 "table"
10 1.4690277938712661 2.8710193759388183 0.48475688377037723 0.5066920928880432 0.5494096852506765 0.9686608526590678 0.0030586824842529703 "chair"
11 10.599588063199743 1.9020519683697572 0.329211683499534 1.078348196082298 0.6132901827473614 0.9081143638893654 2.1887011347417933 "chair"
12 -1.6460001385558578 0.9700002957901653 1.0800000552152094 1.2867815169694412 0.08025944742832025 0.5502867472171822 -1.5707963267612992 "fireplace"
13 5.3427675327585105 -1.5820407643939072 0.6489000227632755 0.14374560553144633 0.14270499979594664 0.14762835365960136 0.17453255034129983 "vase"
14 3.0950218272787295 -1.322936949929138 0.6662611128745716 0.29045024548812615 0.2903491230752673 1.3281836108598128 0.18856853685628924 "vase"
15 3.468347264659245 -1.4602550753425956 0.5159999083343411 0.36037040813993637 0.36026304743809945 1.035549161701437 -1.3788234512031303 "vase"
16 4.058999562984504 -1.739000332208644 1.4730000739600706 1.0000006117647322 0.04935714268209601 1.0000001223773158 3.141592329099597 "painting"
17 6.012963823941229 -1.5109949231156332 0.28200001291838794 2.2156904487491875 0.4430022121203292 0.5830774602904654 3.1415845205607944 "TV cabinet"
18 6.364561015516092 0.6652155868382386 0.4376725357302982 0.19849465176889186 0.05003343336730115 0.01902840564767372 -1.391910420717175 "tv remote"
19 5.873041748651976 0.4302399663154309 0.5076398228405113 0.32582083960232566 0.23567769865989963 0.035143579478924325 -2.7843408465280706 "newspaper"
20 6.367000142081111 0.5869998631004417 0.22700000299881415 0.7258492882512106 0.41477074365833305 0.4027636741860248 -2.0124647620615266e-07 "table"
21 5.816324749458502 0.5819997873051778 0.25700000487356456 0.5799096649333801 0.579909246163169 0.4638394240305552 2.985823567019904e-07 "table"
22 -0.4690001178704378 -3.5070000181942547 3.32900002542418 1.6278570407469286 0.6095487934871637 0.7920785316115757 3.1415924594802 "table"
23 -1.6490001739674445 2.5188462229002724 4.250001917361732 0.8230915648205039 0.040008883563798836 0.8249489452898029 1.5707963446130178 "mirror"
24 6.062279167267592 0.4688751872672375 0.01232064996783886 1.8815720589310434 1.8548527966510635 0.05566085354941233 -0.523474382383527 "carpet"
25 8.328579553138443 3.06590092224398 0.7166070870023563 0.6927234541394984 0.6568720750149781 1.4400334470149054 -2.4309823775096824 "potted plant"
26 2.825562547315134 -2.84788595088845 0.02564943016271082 3.827928621710249 1.3960007867437132 0.05394315139589483 -0.0007315316817399815 "carpet"
27 6.0030131166458105 -1.591911379671925 0.8920091487469904 1.019764436772598 0.08519669119898987 0.6368428449422898 -0.0012623063160178266 "tv"
28 4.478993306589511 2.001083111093207 0.38419494872003546 1.0148020311305959 1.0163938146971063 0.7965379229052791 -3.1410284785836846 "sofa"
29 4.470594265357491 0.01833928824024567 0.4148808607479118 1.0360768849047117 1.006044170530895 0.8597484691268072 -1.5692843474954523 "sofa"
30 -1.3567870764216572 -3.5596357231781095 0.9409322226153242 0.256259663918869 0.22953507859200872 1.8430513377996622 2.281962964207933 "potted bamboo"
31 -1.642374557673529 -2.8570003717531725 1.5069999986499676 0.9004046561294996 0.058722309428382635 1.3049340403377983 -1.5707967027086003 "painting"
32 3.610000294925378 -0.16400051863705267 -0.07199999990729333 7.600322967093193 10.851199360579828 0.13451904702186557 -1.5707963197690944 "floor"
33 5.116758696276198 -2.065939074440737 2.5879849695644994 1.5947525717523812 0.22393504820392307 0.09873117882975846 3.918894456755393e-05 "wall lamp"
34 5.112000056496304 -1.975000368411015 1.5460000306527082 3.075087787585718 0.030096842900925624 1.744201512131358 -2.3696025872219885e-07 "painting"
35 3.070994909848989 -3.548026995594699 0.38710408278760317 2.181641298475158 0.5381701025205547 0.803437979088559 2.948556099965203e-07 "cabinet"
36 0.12849980998598132 1.9504072371438748 5.243999990011902 0.21621767079400978 0.214889171421359 0.032317263904658056 -0.9222700008140291 "focus light"
37 8.93864080197226 1.2694958084159813 1.1503024007924572 1.0789817504817238 0.05240223213395012 2.2753342233237457 1.5707962902482526 "door"
38 8.938640792559685 -0.9570012637532761 1.150302401176706 1.0789817834223725 0.05240223753518869 2.2753342240606456 -1.5707963830278633 "door"
39 8.997985920249647 2.323567772157041 1.1503024013089285 1.0789818466751306 0.05240229102809124 2.275334224484141 -1.5707963044892406 "door"
40 8.997985942506016 0.08400014506421463 1.150302400670763 1.078981749009467 0.05240227909015971 2.2753342230117313 1.5707964324433938 "door"
41 8.963007645003358 0.6820055690575135 2.0157262516701255 4.46920653469014 0.20571019637049304 4.033813123690175 1.570796336073825 "door frame"
42 3.6299997457392954 -0.19000054255130525 5.035999791704947 10.983750762830281 7.708326614769835 0.7503708931207465 4.341297502915172e-08 "ceiling"
43 3.5400001201033504 -3.9300003371936723 2.630000232011085 10.733332811792229 0.1700444280353013 5.288339851275367 3.1415926535821117 "wall"
44 6.374999612904795 -3.933000559332066 2.069999994737346 4.014478303643914 0.20570969436208797 4.168956880875367 -2.2168953095811096e-09 "window"
45 8.879999167335972 -0.2200002768466237 2.640000222921376 7.384060236227015 0.36161529624364164 5.288339851275367 -1.570796325685012 "wall"
46 -1.7639999573051282 -0.1579999994709413 2.6270002090470266 7.383783193771563 0.17004445467744245 5.288339854917746 1.570796327822972 "wall"
47 -1.6545709644883884 2.219999814702292 1.539999976105363 0.7926398083910036 0.04085867674581678 0.7651665631759741 -1.570796326776727 "painting"
48 1.0580000857537133 -2.8970003127025876 4.094999825240318 1.9386192637048667 0.12281370707713124 2.3497903070757147 -1.5707966633375907 "window"
49 -1.4444520294745076 2.217909376721198 3.401654247295156 0.3123905264522081 0.11783338357810802 0.28137815457623727 -2.8713130511457856 "boot"
50 -1.442788501981206 2.0528959407850755 3.3976110369449115 0.31125814409513475 0.11730272288614474 0.2828592115584274 -0.27010414367157 "boot"
51 3.560000101923948 -1.8710002538532007 2.63700020180643 10.733333765466742 0.17004425856681515 5.288339851275367 -3.141592653582099 "wall"
52 3.6900002221762387 3.5549998606333024 2.630000232011085 10.733333765466536 0.1700443913590175 5.288339851275367 1.9344238206158765e-12 "wall"
53 0.20830830536102193 -0.1969676017085979 2.761345967538094 7.30569156851516 3.787285032763876 0.32830848646276856 1.5707963617042877 "floor"
54 4.46427196392593 0.03377890641879787 0.5685449662847676 0.4870994785234737 0.1867042222498254 0.3155974197425644 -1.5728226896164028 "pillow"
55 4.507970672475989 0.9639451250830079 0.5834592875225169 0.33624862739292105 0.481518464216831 0.32326777495231823 3.1066669382766436 "pillow"
56 6.877113061233509 -1.6266811211170369 0.6676516465132883 0.3169084394284889 0.18588984606858228 0.19072470154823518 -2.8886438237824117 "sphere decoration"
57 2.4129302265823434 -3.695557462709433 0.8759999764522068 0.1120100246378204 0.11094108686257842 0.17048151197489014 2.6583672087608003 "vase"
58 -0.7115992216690892 -3.395904151205033 3.7318001263429323 0.21380618149963349 0.16411486739591608 0.01277454924178878 1.586606340527455 "book"
59 2.151743339527695 -3.5908816353848003 0.9299312447076662 0.139157119378573 0.19885791954769827 0.26304557031069953 -2.157292302546623 "photo"
60 1.5178740843545717 3.2913622425161004 3.649674911516961 0.2991009630607149 0.29862969075350954 0.46707531095894783 -0.1427980534988524 "lamp"
61 1.2940209435622354 3.2280676314457057 3.4756900647358777 0.10156169361352596 0.11719730217641561 0.1212903134234935 1.2675554327419798 "clock"
62 1.4906782655773447 3.018065417192717 3.4843000983285117 0.07847449439275955 0.0788878725499268 0.13710340451868275 1.3159015326954704 "glass"
63 0.004993088445965717 -3.38898212358529 3.7300998533344414 0.14959948237829757 0.071377209405038 0.007409505456323018 1.948244831820717 "phone"
64 3.0799999339410347 -3.821000084780985 1.4970000065522688 0.8495722781840152 0.03978800239195346 1.231810345977543 -4.271055775784674e-07 "mirror"
65 4.909855458916001 -2.9699559151727764 4.572841937729557 0.4488859842133506 0.4445297879925949 1.241623040123954 -0.1724102114073721 "lamp"
66 3.998842298211908 -3.684744848402722 1.034485060628855 0.18591849873986455 0.08441514862809224 0.44399079299623256 2.3160418691150455 "flower"
67 3.98952749408524 -3.622255102063466 0.9218353107893722 0.13360428041219086 0.13357953483081442 0.26607066805058865 -1.7259425739933596 "vase"
68 0.9880052162725069 -0.46047960641672897 3.4949997120949896 2.6341669520928512 0.08709867424099127 1.144835925158998 1.5708032073448484 "fence"
69 1.816114555794775 -0.3169292896839279 1.9529435371207264 2.533467923988027 1.7804677866282135 3.920274007897053 2.448699977647347 "stairs"
70 7.129999742017315 -1.779302926169125 1.0900000496208673 0.101731524253033 0.01369292185332438 0.10173130932049901 4.4734771748344053e-07 "light switch"
71 5.8100008705453385 0.7060038690463728 0.5041146538742007 0.25089088559192874 0.1851596943784859 0.029485136891509833 2.9390379463889307 "book"
72 -0.3319956229469414 -3.3759981514394344 3.7598606797189866 0.1851585843873793 0.25089070970495575 0.03285671940535373 0.45168368499169054 "book"
73 1.4178459115153927 3.1581000065316767 3.1717618270332473 0.5204875103736422 0.49346525451883205 0.4855231188493163 1.5707949056985322 "table"
74 -0.8078674217099361 -2.629205330535827 3.3304480365675535 0.6213253817802598 0.5820440489953655 0.8386261644178896 -0.9995721948861305 "chair"
75 -1.321999904998366 0.3789996722174671 3.90700009885438 1.5477068148065718 0.6417428840352326 1.9507683021717823 -1.5707965666519814 "wardrobe"
76 0.2749972180185785 2.1963831486527274 3.162705084534503 1.7340581969161675 1.5934848824628636 0.4151545653237041 0.027526158625164845 "blanket"
77 0.34921516123722546 3.2348127633292494 3.3520328514267455 0.6450429294900567 0.4465859611174783 0.19800534377725443 3.127641865434076 "pillow"
78 2.0510102206062957 2.1119935057915096 3.494998920739137 2.634424966001876 0.0870840217890616 1.1448344294226485 -1.5707918775559064 "fence"
79 2.6100440999786274 -2.9700307695191377 4.5728419411410774 0.44929089054947013 0.4445013493004256 1.2416230404237947 2.2693290735910363 "lamp"
80 7.170032406296661 -2.969918028805239 4.572841940068292 0.449028284093445 0.44427067772247497 1.2416230139516946 -0.8699034220298005 "lamp"
81 -0.23557324417545072 -2.8699394534904386 2.7550001170319964 0.21709623216418805 0.21534679717869754 0.03231708088027885 -0.7959467489394391 "focus light"
82 7.094000294815515 -1.962493878619182 1.0901005358238103 0.10173142818944303 0.013685913404724248 0.10153036241494817 -3.141592464355564 "light switch"
83 0.4759699783384267 -1.9624931996337023 1.0900467046063764 0.1016716203040427 0.013684588123096475 0.10161075270655817 3.1415923117856805 "light switch"
84 5.488685046585338 2.0000125382098104 0.5854734373531907 0.48829016314339135 0.18666755456549677 0.32047371261112534 -0.000977378094523607 "pillow"
85 6.339581595094422 1.9274424153889171 0.5778621174061405 0.3340035470250524 0.48476896927206603 0.32370958792142623 1.5662925491031943 "pillow"
86 4.4706106872336715 1.0134788101039685 0.41451997190154183 1.0364960639246021 1.0060785901320304 0.8590464375452161 -1.5692828578277451 "sofa"
87 5.4785412825059305 2.009793955930234 0.41463170562978624 1.0366061715842445 1.0060454144114872 0.8592301596982803 -3.1400861615625506 "sofa"
88 6.469291590845409 2.0098773190911614 0.4146726424765482 1.0365602683485449 1.006038497007321 0.8593767672868433 -3.140772809296219 "sofa"
89 4.5131416239892435 0.3698802917460568 0.5668841518238429 0.49184365920649364 0.18681308735789948 0.3202630220206309 2.337743518007534 "pillow"
90 4.500402294049169 1.7732397260582602 0.5878599204599768 0.48841925760483473 0.18667005989279573 0.3139117313952733 0.6690860879030682 "pillow"
91 4.825226610361865 1.9271028624355295 0.5817019771887506 0.4860494236092645 0.18657489589639908 0.3177907783895624 0.9432554538136049 "pillow"
92 10.488862887234214 0.06875381112460385 0.286305274623416 0.6132314616740375 1.075824541306197 0.9080369406306034 2.283508431066211 "chair"
93 10.538803183611703 2.0184087354477445 0.404961156465352 0.49316340954730187 0.18664433519273338 0.3125170525258379 0.5565266372469538 "pillow"
94 0.713265578358267 2.870204016134836 0.4844636786218685 0.5476549345422432 0.5066918696976628 0.9693285441006877 -1.5667111525468145 "chair"
95 -0.02681818920511435 2.8707437075081677 0.48476853024441274 0.5490083098573844 0.5067027590955617 0.9687153465182231 -1.5670054815543117 "chair"
96 -0.6976496084765179 2.02103243177611 0.48404902701545777 0.5065946452029904 0.5485644977360468 0.9700932725268364 1.5741257226543957 "chair"
97 2.1264534932540173 2.021846044277649 0.4842532256172237 0.5067043687003301 0.5484737585636903 0.9697360005480193 -1.5672214465185088 "chair"
98 -0.02705236856146326 1.1843667697038593 0.48448260865801396 0.5488241030163409 0.5065856038065799 0.9693114471382744 -1.5676378565543527 "chair"
99 0.6689633716809669 1.1841565749047267 0.4841101387630783 0.5493450811289811 0.5066968952862847 0.970029642809233 1.5739551735584527 "chair"
100 1.4389907297088897 1.1851098374961062 0.4846283406696022 0.5471696997802339 0.5066821227830611 0.9690253253468267 -1.5676967386291527 "chair"
101 6.03305856963529 0.9488642329980453 4.656841559505143 0.4493611710965184 0.44430109862002887 1.2416229956835245 2.264550828616628 "lamp"
102 3.7329509268676535 0.9491463776818875 4.656841569488348 0.44896863931633474 0.44447177914624936 1.2416230308604908 1.920105296407392 "lamp"
103 -0.3480021509514487 -1.8574245197787314 5.243999972848381 0.2171700735432742 0.2159319365528134 0.032317295035072746 3.1297108939347145 "focus light"
104 10.43307880207572 0.009830351940977531 0.3668357885923818 0.33369922643934213 0.4876336660531875 0.32390275148257 -2.453709164480826 "pillow"
105 -0.336353177227008 -1.8823563798202043 1.077385822045167 0.1690880246332236 0.8900620506935039 2.193669894054672 1.5707964064388025 "door"
106 -0.33658807503907173 -1.8752605535262041 1.1190761560334095 1.0726652071253366 0.2033032794923506 2.286076510990533 -1.1536682119530736e-09 "door frame"
107 1.5636731656826166 2.042385870619685 0.810721468768119 0.12003880585463378 0.11098201192284468 0.12709753883278085 0.921778802890141 "cup"
108 6.203529128048337 0.684117738247934 0.49222142996359053 0.120131220997858 0.11233957656138482 0.1270975262656875 0.9654653208659366 "cup"
109 -1.1819066940733427 -1.21616001840855 0.5001180943418271 0.8890268842156726 0.7890927185467209 1.0002365863215474 1.7404789973881656 "potted plant"
110 4.251787335833298 -1.3336187847204195 0.4996929455442298 0.8910064321324804 0.7921397341560299 0.9993862861021205 1.73113089597869 "potted plant"
111 5.9950003975569714 -1.758000385484197 1.9700000550782306 1.5730564167930483 0.05322092904089759 1.1841585013270404 -3.141592653580775 "painting"
112 5.953626939374434 1.9730671267452065 0.5690648893742674 0.48475849202475807 0.3335502671048516 0.32267738616026975 3.133631201411164 "pillow"
113 0.5695594497888733 1.5705201693983917 0.7997433607595065 0.12051538011974816 0.1111866876869414 0.09745381891856408 0.022586827676962646 "coffee cup"
114 0.48087870344638317 1.9300185005994097 0.9478973287251098 0.10390554900304627 0.0684566829662212 0.40169985425692956 0.4223890562587194 "flower"
